Time	Ex Time	Time (Clock)	Speed	Grade	VO2	VO2	VCO2	RER	RR	Vt BTPS	VE BTPS	BR	PETO2	PETCO2	HR
0:13	 	13:25:50	0.0	0.4	13.2	985	766	0.78	29	833	24.1	86.1	96	40	87
0:16	 	13:25:53	0.0	0.4	11.1	830	662	0.80	25	961	23.7	86.4	99	38	87
0:18	 	13:25:55	0.0	0.4	14.7	1103	903	0.82	21	1285	26.9	84.6	102	37	86
0:21	 	13:25:58	0.0	0.4	6.6	497	432	0.87	24	727	17.7	89.8	106	34	85
0:22	 	13:25:59	0.0	0.4	31.6	2368	2240	0.95	37	1749	64.4	63.1	102	37	86
0:27	 	13:26:04	0.0	0.4	8.6	647	628	0.97	12	2380	28.5	83.6	113	32	89
0:29	 	13:26:06	0.0	0.4	4.0	298	313	1.05	30	575	17.3	90.1	115	30	89
0:32	 	13:26:09	0.0	0.4	4.4	327	326	1.00	27	587	15.6	91.1	111	34	89
0:34	 	13:26:11	0.0	0.4	31.6	2365	2473	1.05	26	2535	65.3	62.6	104	38	89
0:37	 	13:26:14	0.0	0.4	4.7	355	385	1.08	18	946	17.4	90.0	113	33	92
0:41	 	13:26:18	0.0	0.4	9.2	692	795	1.15	15	1869	27.9	84.0	116	33	91
0:43	 	13:26:20	0.0	0.4	7.8	581	686	1.18	29	875	25.7	85.2	113	34	89
0:47	 	13:26:24	0.0	0.4	2.5	184	198	1.08	18	485	8.8	95.0	108	37	87
0:49	 	13:26:26	0.0	0.4	7.2	541	570	1.05	27	905	24.2	86.1	115	31	87
0:52	 	13:26:29	0.0	0.4	30.9	2313	2571	1.11	29	2572	73.5	57.8	109	36	87
0:54	0:01	13:26:31	1.9	1.1	1.2	92	112	1.22	23	473	10.7	93.9	122	24	91
0:57	0:04	13:26:34	3.5	1.1	12.8	957	1100	1.15	26	1384	36.6	79.0	112	35	92
1:00	0:07	13:26:37	6.3	1.1	8.6	642	1001	1.56	17	2163	36.6	79.0	108	38	95
1:02	0:09	13:26:39	7.1	1.1	20.3	1521	1545	1.02	43	1299	56.1	67.8	109	37	97
1:03	0:10	13:26:40	7.0	1.1	15.2	1138	1225	1.08	53	880	46.7	73.2	113	33	98
1:08	0:15	13:26:45	7.1	1.1	14.6	1089	1140	1.05	11	2920	31.0	82.2	102	41	107
1:11	0:18	13:26:48	7.0	1.1	11.0	825	721	0.87	24	1136	26.8	84.6	105	37	112
1:13	0:20	13:26:50	7.0	1.1	27.6	2065	1802	0.87	38	1452	55.8	68.0	104	38	114
1:14	0:21	13:26:51	7.1	1.1	20.9	1561	1466	0.94	59	973	57.8	66.8	108	36	115
1:14	0:21	13:26:51	7.1	1.1	1.3	100	105	1.05	82	221	18.2	89.6	135	11	116
1:17	0:24	13:26:54	7.0	1.1	28.5	2135	1973	0.92	24	2461	60.3	65.4	106	36	117
1:18	0:25	13:26:55	7.0	1.1	16.9	1267	1107	0.87	41	1041	42.8	75.5	108	34	120
1:20	0:27	13:26:57	7.1	1.1	26.4	1978	1726	0.87	33	1802	60.1	65.5	107	34	122
1:21	0:28	13:26:58	7.1	1.1	25.4	1899	1704	0.90	56	1109	62.2	64.3	108	33	122
1:22	0:29	13:26:59	7.1	1.1	22.9	1716	1424	0.83	56	980	54.4	68.8	106	34	123
1:25	0:32	13:27:02	7.1	1.1	28.2	2110	1729	0.82	19	2802	52.0	70.1	102	36	125
1:28	0:35	13:27:05	7.1	1.1	24.7	1847	1383	0.75	24	1765	43.2	75.2	96	38	127
1:32	0:39	13:27:09	7.1	1.1	32.2	2409	1818	0.75	15	3540	52.4	69.9	95	39	128
1:34	0:41	13:27:11	7.1	1.1	36.3	2719	1897	0.70	34	1683	58.0	66.7	95	38	128
1:35	0:42	13:27:12	7.3	1.1	36.4	2722	1946	0.72	55	1140	62.8	64.0	95	37	129
1:36	0:43	13:27:13	7.1	1.1	38.5	2884	1993	0.69	35	1804	62.6	64.1	94	38	130
1:38	0:45	13:27:15	7.1	1.1	34.1	2553	1714	0.67	43	1455	61.9	64.5	95	37	130
1:40	0:47	13:27:17	7.1	1.1	40.8	3055	2201	0.72	26	2383	63.0	63.9	94	38	130
1:41	0:48	13:27:18	7.4	1.1	38.3	2868	2002	0.70	45	1388	63.1	63.8	95	37	130
1:44	0:51	13:27:21	7.1	1.1	35.8	2677	1899	0.71	23	2354	55.2	68.3	94	39	131
1:46	0:53	13:27:23	7.3	1.1	43.0	3219	2352	0.73	33	1982	65.0	62.7	94	39	131
1:49	0:56	13:27:26	7.3	1.1	22.8	1706	1225	0.72	18	1950	34.4	80.3	92	40	131
1:52	0:59	13:27:29	7.4	1.1	49.9	3731	2549	0.68	23	3073	70.4	59.6	90	40	132
1:54	1:01	13:27:31	7.5	1.1	47.2	3536	2547	0.72	33	2299	76.6	56.0	98	36	133
1:56	1:03	13:27:33	7.4	1.1	41.7	3124	2386	0.76	27	2576	70.3	59.7	99	37	133
1:58	1:05	13:27:35	7.3	1.1	43.2	3230	2499	0.77	34	2181	74.4	57.3	100	37	132
1:59	1:06	13:27:36	7.5	1.1	37.7	2822	2291	0.81	40	1633	64.9	62.8	97	38	131
2:01	1:08	13:27:38	7.4	1.1	38.7	2896	2226	0.77	37	1823	66.7	61.7	99	37	131
2:03	1:10	13:27:40	7.4	1.1	40.4	3020	2364	0.78	28	2369	65.2	62.6	97	39	132
2:04	1:11	13:27:41	7.4	1.1	41.5	3103	2523	0.81	53	1443	76.6	56.1	99	38	132
2:06	1:13	13:27:43	7.3	1.1	37.6	2813	2227	0.79	36	1933	69.0	60.4	99	37	132
2:08	1:15	13:27:45	7.5	1.1	44.4	3324	2648	0.80	27	2769	75.9	56.5	100	38	131
2:09	1:16	13:27:46	7.5	1.1	42.7	3199	2601	0.81	53	1426	75.7	56.6	99	38	131
2:11	1:18	13:27:48	7.5	1.1	37.7	2818	2228	0.79	35	1956	68.2	60.9	100	37	131
2:13	1:20	13:27:50	7.3	1.1	41.5	3106	2452	0.79	28	2493	69.2	60.3	99	38	131
2:14	1:21	13:27:51	7.6	1.1	35.3	2639	2020	0.77	43	1524	65.3	62.5	99	37	132
2:17	1:24	13:27:54	7.4	1.1	39.3	2944	2314	0.79	23	2773	63.7	63.4	97	39	133
2:19	1:26	13:27:56	7.5	1.1	43.5	3259	2527	0.78	35	2008	70.9	59.4	97	39	133
2:22	1:29	13:27:59	7.5	1.1	32.2	2407	1859	0.77	17	2767	47.2	72.9	90	43	133
2:24	1:31	13:28:01	7.8	1.1	45.7	3423	2452	0.72	27	2529	67.1	61.5	93	40	133
2:26	1:33	13:28:03	7.8	1.1	45.2	3380	2650	0.78	58	1366	79.6	54.4	97	38	133
2:28	1:35	13:28:05	7.8	1.1	45.9	3433	2738	0.80	29	2641	76.2	56.3	98	38	134
2:29	1:36	13:28:06	7.8	1.1	37.2	2784	2179	0.78	34	1775	60.9	65.1	98	39	134
2:31	1:38	13:28:08	7.8	1.1	46.6	3487	2951	0.85	43	1885	81.4	53.3	100	37	134
2:32	1:39	13:28:09	7.8	1.1	40.2	3012	2438	0.81	61	1335	81.8	53.1	103	36	134
2:33	1:40	13:28:10	7.8	1.1	38.7	2897	2397	0.83	59	1309	77.0	55.8	101	37	133
2:34	1:41	13:28:11	7.6	1.1	44.3	3317	2832	0.85	54	1594	86.2	50.6	102	36	133
2:35	1:42	13:28:12	7.8	1.1	42.3	3163	2721	0.86	41	1846	76.4	56.2	100	38	133
2:37	1:44	13:28:14	7.6	1.1	42.7	3195	2798	0.88	43	1858	79.6	54.3	102	37	133
2:38	1:45	13:28:15	7.9	1.1	35.7	2670	2275	0.85	37	1879	69.2	60.3	102	37	133
2:40	1:47	13:28:17	7.8	1.1	42.4	3170	2717	0.86	38	1998	76.4	56.2	100	38	133
2:42	1:49	13:28:19	7.9	1.1	42.4	3170	2666	0.84	34	2130	73.0	58.1	99	39	133
2:43	1:50	13:28:20	8.0	1.1	35.5	2660	2177	0.82	36	1871	66.8	61.7	100	38	133
2:46	1:53	13:28:23	7.9	1.1	41.2	3087	2516	0.81	24	2868	67.5	61.3	96	40	134
2:47	1:54	13:28:24	8.0	1.1	35.3	2644	2121	0.80	62	1123	69.4	60.2	99	38	134
2:48	1:55	13:28:25	7.9	1.1	43.0	3221	2803	0.87	55	1486	81.8	53.1	98	38	135
2:49	1:56	13:28:26	7.8	1.1	31.5	2358	1959	0.83	60	1185	71.1	59.2	102	35	135
2:51	1:58	13:28:28	7.9	1.1	41.6	3115	2515	0.81	24	2917	69.7	60.0	98	39	135
2:53	2:00	13:28:30	7.9	1.1	39.9	2986	2370	0.79	37	1868	68.4	60.8	98	38	135
2:55	2:02	13:28:32	8.0	1.1	40.1	2998	2444	0.82	41	1789	72.5	58.4	99	38	134
2:56	2:03	13:28:33	7.9	1.1	47.8	3576	2848	0.80	47	1784	83.6	52.0	98	38	134
2:59	2:06	13:28:36	7.9	1.1	35.3	2642	2205	0.83	19	3164	59.9	65.6	96	41	134
3:01	2:08	13:28:38	8.0	1.1	42.2	3160	2379	0.75	24	2560	62.7	64.0	94	41	134
3:04	2:11	13:28:41	8.0	1.1	35.9	2686	2031	0.76	25	2489	62.8	64.0	98	38	133
3:06	2:13	13:28:43	8.1	1.1	52.4	3921	2903	0.74	33	2419	80.2	54.0	95	39	134
3:08	2:15	13:28:45	8.0	1.1	42.2	3155	2499	0.79	26	2681	69.0	60.4	96	40	135
3:12	2:19	13:28:49	8.0	1.1	33.5	2506	1957	0.78	14	3472	48.7	72.1	86	46	136
3:15	2:22	13:28:52	8.1	1.1	45.0	3366	2419	0.72	20	2879	57.6	67.0	87	44	137
3:18	2:25	13:28:55	8.0	1.1	46.8	3506	2562	0.73	25	2655	66.9	61.6	90	42	137
3:19	2:26	13:28:56	8.1	1.1	54.4	4072	3079	0.76	34	2424	83.1	52.3	94	40	137
3:22	2:29	13:28:59	8.0	1.1	44.2	3308	2635	0.80	24	2977	70.9	59.3	95	41	137
3:24	2:31	13:29:01	8.1	1.1	45.7	3419	2700	0.79	35	2242	79.1	54.6	100	38	137
3:25	2:32	13:29:02	8.3	1.1	44.0	3293	2707	0.82	33	2148	70.8	59.4	97	40	137
3:27	2:34	13:29:04	8.0	1.1	45.8	3428	2905	0.85	40	2097	84.4	51.6	100	38	138
3:28	2:35	13:29:05	8.1	1.1	43.1	3223	2794	0.87	40	2137	84.9	51.3	102	37	138
3:30	2:37	13:29:07	8.1	1.1	43.5	3253	2734	0.84	48	1701	81.0	53.5	100	38	138
3:31	2:38	13:29:08	8.3	1.1	47.8	3578	3060	0.86	45	1962	87.8	49.6	100	38	137
3:32	2:39	13:29:09	8.1	1.1	44.3	3313	2883	0.87	42	2009	84.9	51.3	102	37	138
3:35	2:42	13:29:12	8.3	1.1	40.6	3040	2614	0.86	22	3149	70.5	59.6	98	40	138
3:37	2:44	13:29:14	8.1	1.1	42.1	3151	2660	0.84	38	1987	75.0	57.0	100	39	139
3:38	2:45	13:29:15	8.1	1.1	49.2	3682	3189	0.87	47	1890	87.9	49.6	100	38	139
3:40	2:47	13:29:17	8.4	1.1	41.4	3098	2691	0.87	39	2033	79.7	54.3	102	38	139
3:41	2:48	13:29:18	8.3	1.1	44.5	3332	2911	0.87	45	1907	85.4	51.0	102	37	140
3:42	2:49	13:29:19	8.1	1.1	43.2	3231	2868	0.89	45	1739	78.4	55.0	100	38	140
3:44	2:51	13:29:21	8.3	1.1	43.9	3288	2869	0.87	42	1932	80.5	53.8	100	38	140
3:47	2:54	13:29:24	8.3	1.1	31.0	2317	2024	0.87	18	3086	54.6	68.7	100	39	141
3:49	2:56	13:29:26	8.3	1.1	51.5	3858	2984	0.77	35	2414	83.7	52.0	95	40	142
3:51	2:58	13:29:28	8.3	1.1	48.3	3613	2946	0.82	28	2851	79.6	54.4	97	39	143
3:53	3:00	13:29:30	8.1	1.1	45.9	3434	2885	0.84	29	2851	82.2	52.8	100	38	143
3:54	3:01	13:29:31	8.4	1.1	43.3	3243	2728	0.84	43	1837	79.3	54.5	100	38	143
3:57	3:04	13:29:34	8.5	1.1	39.5	2958	2528	0.85	28	2464	69.7	60.0	99	40	143
3:58	3:05	13:29:35	8.3	1.1	44.7	3344	2959	0.89	63	1474	92.1	47.2	101	38	143
3:59	3:06	13:29:36	8.5	1.1	43.6	3266	2744	0.84	43	1821	78.6	54.9	100	39	143
4:00	3:07	13:29:37	8.4	1.1	42.4	3176	2783	0.88	42	1808	75.8	56.5	99	39	143
4:02	3:09	13:29:39	8.4	1.1	39.2	2932	2488	0.85	37	2054	75.6	56.6	102	37	143
4:03	3:10	13:29:40	8.1	1.1	46.4	3472	2909	0.84	53	1624	86.2	50.5	100	38	143
4:06	3:13	13:29:43	8.3	1.1	39.4	2948	2522	0.86	22	3223	69.3	60.2	100	39	143
4:07	3:14	13:29:44	8.3	1.1	41.6	3111	2572	0.83	42	1741	73.6	57.8	98	39	143
4:10	3:17	13:29:47	8.6	1.1	36.0	2695	2208	0.82	21	2718	57.2	67.2	94	42	143
4:12	3:19	13:29:49	8.4	1.1	47.2	3533	2820	0.80	27	2604	70.7	59.4	92	42	143
4:14	3:21	13:29:51	8.6	1.1	49.8	3725	2957	0.79	48	1769	84.2	51.7	97	39	143
4:16	3:23	13:29:53	8.4	1.1	44.0	3294	2734	0.83	27	2669	73.1	58.0	97	40	143
4:19	3:26	13:29:56	8.6	1.1	39.5	2960	2434	0.82	22	2877	62.8	64.0	97	41	143
4:20	3:27	13:29:57	8.5	1.1	49.8	3728	3087	0.83	43	1898	82.5	52.7	97	40	143
4:22	3:29	13:29:59	8.6	1.1	46.2	3460	2934	0.85	40	2083	82.8	52.5	99	38	144
4:23	3:30	13:30:00	8.5	1.1	50.4	3774	3230	0.86	47	1969	92.3	47.1	100	38	144
4:25	3:32	13:30:02	8.5	1.1	40.4	3022	2595	0.86	25	2781	69.8	60.0	98	40	144
4:26	3:33	13:30:03	8.5	1.1	42.6	3191	2613	0.82	59	1358	79.9	54.2	98	39	144
4:28	3:35	13:30:05	8.6	1.1	46.5	3480	2947	0.85	42	1902	79.3	54.5	98	39	144
4:29	3:36	13:30:06	8.5	1.1	42.6	3190	2704	0.85	40	1908	76.8	55.9	99	38	144
4:30	3:37	13:30:07	8.6	1.1	46.8	3502	2937	0.84	48	1761	85.2	51.1	100	38	143
4:32	3:39	13:30:09	8.6	1.1	43.7	3274	2783	0.85	36	2336	82.9	52.4	103	37	142
4:36	3:43	13:30:13	8.6	1.1	28.0	2092	1784	0.85	15	3455	50.7	70.9	98	40	142
4:37	3:44	13:30:14	8.5	1.1	62.8	4700	3567	0.76	49	1837	90.3	48.2	89	43	142
4:39	3:46	13:30:16	8.6	1.1	53.5	4002	3120	0.78	37	2363	87.0	50.1	96	39	143
4:41	3:48	13:30:18	8.6	1.1	49.0	3669	3013	0.82	25	3404	84.1	51.8	98	40	143
4:43	3:50	13:30:20	8.8	1.1	46.4	3475	2973	0.86	40	2006	80.8	53.7	100	38	143
4:44	3:51	13:30:21	8.7	1.1	46.7	3492	3102	0.89	43	2083	89.3	48.8	102	37	142
4:46	3:53	13:30:23	8.8	1.1	46.1	3450	3053	0.89	45	1963	87.9	49.6	102	37	143
4:47	3:54	13:30:24	8.7	1.1	44.7	3343	2982	0.89	43	2070	88.1	49.5	103	37	143
4:48	3:55	13:30:25	8.8	1.1	46.8	3502	3240	0.93	46	1987	91.0	47.8	103	37	143
4:50	3:57	13:30:27	8.6	1.1	36.4	2727	2385	0.87	38	1856	70.5	59.6	101	38	143
4:51	3:58	13:30:28	8.8	1.1	47.4	3545	2998	0.85	51	1694	86.2	50.6	100	39	142
4:52	3:59	13:30:29	8.6	1.1	17.7	1323	1184	0.89	54	896	48.4	72.2	114	29	142
4:54	4:01	13:30:31	8.8	1.1	55.3	4142	3441	0.83	38	2519	94.5	45.8	98	40	143
4:56	4:03	13:30:33	8.8	1.1	45.1	3372	2761	0.82	35	2343	81.3	53.4	100	38	143
4:57	4:04	13:30:34	8.8	1.1	43.5	3252	2808	0.86	57	1547	87.6	49.8	100	38	143
4:58	4:05	13:30:35	8.7	1.1	44.8	3354	2858	0.85	43	1806	76.9	55.9	99	39	143
4:59	4:06	13:30:36	8.9	1.1	45.4	3396	2906	0.86	43	1803	77.3	55.7	99	39	143
5:01	4:08	13:30:38	8.8	1.1	44.0	3292	2701	0.82	46	1807	83.4	52.2	99	39	142
5:02	4:09	13:30:39	8.9	1.1	42.2	3155	2655	0.84	35	2282	80.1	54.1	100	38	142
5:05	4:12	13:30:42	8.9	1.1	44.9	3363	2826	0.84	25	3168	77.9	55.3	98	40	143
5:07	4:14	13:30:44	8.9	1.1	43.1	3224	2670	0.83	35	2300	80.2	54.0	100	38	143
5:08	4:15	13:30:45	8.8	1.1	48.8	3651	3040	0.83	56	1651	91.7	47.4	100	38	143
5:09	4:16	13:30:46	8.9	1.1	41.0	3066	2582	0.84	36	2213	79.5	54.4	101	38	143
5:10	4:17	13:30:47	8.9	1.1	48.3	3612	3080	0.85	55	1665	91.7	47.4	100	38	143
5:12	4:19	13:30:49	8.7	1.1	46.7	3492	3006	0.86	43	1913	81.4	53.3	99	38	144
5:13	4:20	13:30:50	8.9	1.1	42.4	3174	2658	0.84	37	2068	75.7	56.6	100	39	144
5:16	4:23	13:30:53	8.9	1.1	45.1	3377	2798	0.83	24	3017	73.3	58.0	95	41	144
5:18	4:25	13:30:55	8.9	1.1	47.0	3517	2910	0.83	38	2156	81.4	53.3	99	39	144
5:19	4:26	13:30:56	8.8	1.1	43.3	3237	2662	0.82	51	1513	76.9	55.9	98	39	144
5:20	4:27	13:30:57	8.8	1.1	45.0	3369	2851	0.85	38	2163	82.7	52.6	100	38	145
5:22	4:29	13:30:59	8.9	1.1	51.9	3886	3334	0.86	48	2051	97.7	44.0	101	38	145
5:23	4:30	13:31:00	8.9	1.1	41.4	3100	2680	0.86	39	2072	80.2	54.0	100	38	146
5:25	4:32	13:31:02	8.9	1.1	30.7	2301	1741	0.76	28	1659	46.7	73.2	91	43	146
5:27	4:34	13:31:04	8.9	1.1	53.1	3976	3246	0.82	29	3079	88.4	49.3	98	39	146
5:29	4:36	13:31:06	8.9	1.1	48.7	3644	3052	0.84	29	2916	83.7	52.0	99	39	147
5:31	4:38	13:31:08	9.1	1.1	44.6	3335	3025	0.91	55	1677	92.3	47.0	101	38	147
5:32	4:39	13:31:09	8.9	1.1	50.6	3786	3239	0.86	42	2210	92.1	47.2	100	38	147
5:33	4:40	13:31:10	9.1	1.1	49.4	3695	3310	0.90	46	2050	94.6	45.7	102	38	147
5:35	4:42	13:31:12	8.9	1.1	47.5	3553	3242	0.91	43	2114	91.2	47.7	103	37	147
5:37	4:44	13:31:14	8.9	1.1	45.1	3373	2936	0.87	30	2801	83.6	52.0	103	38	146
5:38	4:45	13:31:15	9.1	1.1	47.9	3588	3226	0.90	41	2231	90.4	48.1	102	38	146
5:39	4:46	13:31:16	8.9	1.1	46.1	3448	3117	0.90	44	2015	88.2	49.4	102	38	146
5:41	4:48	13:31:18	9.1	1.1	38.5	2882	2563	0.89	42	1731	72.6	58.3	101	38	146
5:44	4:51	13:31:21	9.1	1.1	43.9	3285	2761	0.84	21	3494	72.0	58.7	94	43	147
5:45	4:52	13:31:22	9.2	1.1	50.1	3748	3004	0.80	57	1520	86.0	50.7	96	41	147
5:46	4:53	13:31:23	9.1	1.1	48.8	3649	3103	0.85	43	1893	81.1	53.5	97	40	147
5:48	4:55	13:31:25	8.9	1.1	49.9	3737	3287	0.88	44	2056	90.0	48.3	99	39	148
5:49	4:56	13:31:26	8.9	1.1	44.7	3342	2894	0.87	39	2188	84.7	51.4	101	38	149
5:51	4:58	13:31:28	9.1	1.1	47.8	3581	3036	0.85	32	2624	84.2	51.7	99	39	149
5:53	5:00	13:31:30	8.9	1.1	44.5	3332	2877	0.86	38	2247	85.9	50.7	102	38	149
5:54	5:01	13:31:31	9.2	1.1	51.5	3854	3442	0.89	48	1967	95.2	45.4	101	38	150
5:55	5:02	13:31:32	9.1	1.1	48.5	3626	3268	0.90	45	1997	89.4	48.7	101	38	150
5:57	5:04	13:31:34	9.1	1.1	46.9	3508	3139	0.89	42	2109	89.1	48.9	101	38	151
5:58	5:05	13:31:35	9.3	1.1	48.8	3651	3253	0.89	45	2019	91.8	47.4	101	38	151
5:59	5:06	13:31:36	9.2	1.1	45.2	3382	3019	0.89	43	1975	84.6	51.5	101	38	152
6:01	5:08	13:31:38	9.2	1.1	44.1	3299	2879	0.87	43	1926	82.0	53.0	100	39	152
6:04	5:11	13:31:41	9.2	1.1	39.1	2923	2499	0.85	19	3482	66.3	62.0	95	42	152
6:07	5:14	13:31:44	9.3	1.1	42.2	3156	2466	0.78	20	2980	59.6	65.8	88	45	151
6:10	5:17	13:31:47	9.2	1.1	50.4	3772	2962	0.79	22	3318	71.4	59.1	89	45	151
6:12	5:19	13:31:49	9.1	1.1	46.8	3502	2758	0.79	22	3024	67.2	61.5	89	44	151
6:14	5:21	13:31:51	9.3	1.1	55.3	4141	3263	0.79	30	2888	86.2	50.5	94	41	151
6:16	5:23	13:31:53	9.3	1.1	52.0	3890	3260	0.84	39	2368	93.5	46.4	99	38	151
6:17	5:24	13:31:54	9.2	1.1	51.3	3840	3277	0.85	49	1894	93.1	46.6	100	38	151
6:19	5:26	13:31:56	9.4	1.1	50.4	3775	3340	0.88	43	2237	95.9	45.0	101	38	151
6:20	5:27	13:31:57	9.2	1.1	47.8	3577	3215	0.90	44	2058	90.8	47.9	101	38	150
6:21	5:28	13:31:58	9.4	1.1	49.5	3707	3350	0.90	43	2215	95.6	45.2	101	38	150
6:23	5:30	13:32:00	9.1	1.1	46.3	3468	3218	0.93	45	2001	89.6	48.6	102	38	150
6:24	5:31	13:32:01	9.3	1.1	45.1	3375	2993	0.89	42	2070	86.3	50.5	102	38	149
6:25	5:32	13:32:02	9.4	1.1	49.8	3725	3359	0.90	47	1993	93.4	46.4	102	38	149
6:27	5:34	13:32:04	9.4	1.1	49.2	3681	3311	0.90	43	2198	94.9	45.6	102	38	149
6:28	5:35	13:32:05	9.3	1.1	50.1	3753	3399	0.91	45	2169	97.1	44.3	102	38	149
6:30	5:37	13:32:07	9.3	1.1	46.6	3486	3142	0.90	30	2895	86.4	50.4	100	40	149
6:32	5:39	13:32:09	9.4	1.1	47.8	3579	3156	0.88	41	2103	87.0	50.1	100	39	150
6:33	5:40	13:32:10	9.2	1.1	46.6	3490	3103	0.89	45	2015	90.9	47.9	102	38	150
6:34	5:41	13:32:11	9.4	1.1	47.3	3543	3156	0.89	47	1997	92.9	46.7	103	38	151
6:36	5:43	13:32:13	9.3	1.1	46.5	3477	3183	0.92	41	2269	93.9	46.1	103	37	151
6:37	5:44	13:32:14	9.4	1.1	49.2	3680	3535	0.96	47	2127	99.7	42.8	103	38	152
6:38	5:45	13:32:15	9.4	1.1	45.6	3411	3192	0.94	43	2101	90.7	48.0	103	37	152
6:40	5:47	13:32:17	9.6	1.1	46.1	3448	3182	0.92	45	1916	87.1	50.0	101	39	152
6:41	5:48	13:32:18	9.4	1.1	46.3	3464	3150	0.91	45	1952	88.7	49.1	102	38	152
6:42	5:49	13:32:19	9.6	1.1	50.4	3776	3390	0.90	44	2229	97.6	44.0	102	38	152
6:44	5:51	13:32:21	9.4	1.1	48.7	3648	3444	0.94	44	2219	97.2	44.2	103	37	153
6:45	5:52	13:32:22	9.3	1.1	49.6	3714	3435	0.92	43	2349	100.7	42.2	103	37	153
6:46	5:53	13:32:23	9.6	1.1	47.3	3541	3372	0.95	46	2167	100.0	42.6	105	36	153
6:48	5:55	13:32:25	9.4	1.1	48.8	3655	3443	0.94	44	2292	101.1	42.0	104	37	153
6:49	5:56	13:32:26	9.4	1.1	44.1	3301	3138	0.95	47	2058	95.7	45.1	106	36	154
6:51	5:58	13:32:28	9.4	1.1	42.0	3144	2893	0.92	38	2270	85.7	50.9	103	38	154
6:52	5:59	13:32:29	9.4	1.1	40.0	2992	2687	0.90	44	1864	82.2	52.8	102	38	154
6:53	6:00	13:32:30	9.4	1.1	46.3	3462	3077	0.89	52	1599	83.4	52.1	98	40	154
6:55	6:02	13:32:32	9.4	1.1	49.0	3664	3111	0.85	45	1910	86.8	50.2	98	40	154
6:58	6:05	13:32:35	9.7	1.1	38.8	2902	2464	0.85	20	3256	64.3	63.1	92	45	154
6:59	6:06	13:32:36	9.4	1.1	55.0	4117	3422	0.83	57	1614	92.2	47.1	95	42	154
7:00	6:07	13:32:37	9.4	1.1	53.0	3970	3342	0.84	43	2044	88.2	49.4	97	40	154
7:01	6:08	13:32:38	9.4	1.1	50.9	3812	3241	0.85	43	2183	94.2	45.9	100	39	154
7:03	6:10	13:32:40	9.4	1.1	49.7	3720	3209	0.86	31	2892	90.4	48.2	100	39	154
7:05	6:12	13:32:42	9.6	1.1	45.8	3428	3076	0.90	41	2024	83.7	52.0	100	39	154
7:06	6:13	13:32:43	9.6	1.1	50.1	3752	3334	0.89	45	2069	92.6	46.9	100	39	154
7:07	6:14	13:32:44	9.7	1.1	51.8	3879	3474	0.90	45	2129	96.8	44.5	101	38	154
7:09	6:16	13:32:46	9.7	1.1	48.4	3625	3380	0.93	44	2158	95.9	45.0	102	38	153
7:10	6:17	13:32:47	9.6	1.1	47.7	3569	3248	0.91	41	2252	92.6	46.9	102	38	153
7:11	6:18	13:32:48	9.6	1.1	47.6	3565	3140	0.88	50	1854	91.9	47.3	102	38	153
7:13	6:20	13:32:50	9.6	1.1	49.4	3696	3440	0.93	41	2417	100.0	42.6	103	37	154
7:14	6:21	13:32:51	9.8	1.1	51.3	3841	3511	0.91	48	2141	102.8	41.0	103	38	154
7:16	6:23	13:32:53	9.8	1.1	44.9	3359	3198	0.95	42	2185	92.3	47.0	104	37	154
7:17	6:24	13:32:54	9.6	1.1	49.4	3696	3436	0.93	44	2172	95.1	45.4	102	39	154
7:19	6:26	13:32:56	9.6	1.1	46.0	3444	2989	0.87	31	2706	83.7	52.0	100	40	153
7:20	6:27	13:32:57	9.8	1.1	50.4	3769	3318	0.88	45	2072	92.8	46.8	100	40	153
7:22	6:29	13:32:59	9.6	1.1	44.7	3344	2897	0.87	44	1937	84.8	51.3	100	39	153
7:23	6:30	13:33:00	9.8	1.1	50.8	3799	3394	0.89	43	2145	92.6	46.9	100	39	152
7:25	6:32	13:33:02	9.9	1.1	49.1	3674	3232	0.88	31	2858	88.4	49.3	99	40	151
7:26	6:33	13:33:03	9.7	1.1	47.4	3545	3226	0.91	38	2418	93.0	46.7	102	38	152
7:28	6:35	13:33:05	9.8	1.1	46.2	3456	3138	0.91	47	1789	83.2	52.3	99	40	153
7:29	6:36	13:33:06	9.9	1.1	43.4	3248	2725	0.84	39	2114	81.8	53.1	102	38	153
7:30	6:37	13:33:07	9.9	1.1	54.3	4062	3544	0.87	58	1795	104.6	40.0	100	39	154
7:32	6:39	13:33:09	9.8	1.1	48.3	3617	3125	0.86	29	3024	88.9	49.0	101	38	156
7:34	6:41	13:33:11	9.7	1.1	50.4	3774	3265	0.87	43	2119	92.1	47.1	100	39	156
7:35	6:42	13:33:12	9.9	1.1	50.5	3776	3449	0.91	43	2154	93.6	46.3	101	39	156
7:37	6:44	13:33:14	9.7	1.1	49.2	3685	3355	0.91	42	2141	90.5	48.1	100	39	156
7:38	6:45	13:33:15	9.8	1.1	49.9	3737	3244	0.87	32	2762	88.1	49.4	98	40	156
7:40	6:47	13:33:17	9.8	1.1	52.0	3888	3546	0.91	42	2316	97.2	44.3	101	38	156
7:41	6:48	13:33:18	9.9	1.1	46.7	3492	3038	0.87	38	2221	84.3	51.6	99	40	156
7:42	6:49	13:33:19	9.8	1.1	46.6	3484	3125	0.90	58	1618	93.3	46.5	101	38	156
7:45	6:52	13:33:22	9.7	1.1	47.8	3577	3166	0.89	26	3321	86.3	50.5	98	41	156
7:46	6:53	13:33:23	9.7	1.1	55.4	4144	3568	0.86	59	1774	104.4	40.1	100	39	156
7:47	6:54	13:33:24	9.9	1.1	52.0	3890	3478	0.89	42	2332	97.2	44.3	101	38	156
7:49	6:56	13:33:26	9.9	1.1	49.3	3689	3562	0.97	45	2181	99.1	43.1	102	38	156
7:50	6:57	13:33:27	9.9	1.1	49.7	3720	3406	0.92	44	2154	95.7	45.1	101	38	155
7:52	6:59	13:33:29	9.7	1.1	44.0	3294	2902	0.88	38	2264	86.0	50.7	102	38	155
7:54	7:01	13:33:31	9.9	1.1	52.2	3906	3456	0.88	29	3206	93.4	46.4	100	39	156
7:55	7:02	13:33:32	9.9	1.1	47.0	3519	3074	0.87	61	1489	91.2	47.7	100	39	156
7:56	7:03	13:33:33	9.9	1.1	51.6	3860	3417	0.89	41	2340	95.5	45.2	100	39	156
7:57	7:04	13:33:34	10.1	1.1	52.5	3929	3504	0.89	45	2208	100.4	42.4	101	38	156
7:59	7:06	13:33:36	9.9	1.1	48.7	3645	3319	0.91	47	1952	90.8	47.9	100	39	156
8:01	7:08	13:33:38	9.9	1.1	50.1	3747	3305	0.88	31	2860	89.4	48.7	99	40	156
8:02	7:09	13:33:39	9.9	1.1	48.3	3616	3231	0.89	42	2035	84.8	51.4	98	40	156
8:03	7:10	13:33:40	9.9	1.1	45.6	3414	2921	0.86	44	1770	78.7	54.9	97	41	156
8:05	7:12	13:33:42	9.9	1.1	53.2	3978	3479	0.87	46	2029	93.6	46.3	98	40	156
8:07	7:14	13:33:44	10.1	1.1	50.1	3746	3202	0.85	26	3282	86.4	50.5	97	41	156
8:09	7:16	13:33:46	10.2	1.1	49.9	3736	3137	0.84	30	2997	88.6	49.2	99	40	157
8:10	7:17	13:33:47	9.9	1.1	55.3	4140	3566	0.86	57	1781	101.8	41.6	99	39	157
8:11	7:18	13:33:48	10.1	1.1	53.2	3985	3463	0.87	43	2273	96.7	44.5	100	39	157
8:13	7:20	13:33:50	10.2	1.1	52.5	3928	3438	0.88	32	2942	93.4	46.4	98	40	157
8:15	7:22	13:33:52	10.1	1.1	52.0	3892	3476	0.89	41	2403	98.8	43.3	101	38	158
8:16	7:23	13:33:53	9.9	1.1	51.0	3818	3444	0.90	47	2160	102.0	41.5	103	38	158
8:17	7:24	13:33:54	9.9	1.1	53.4	3995	3730	0.93	44	2251	100.0	42.6	101	39	158
8:19	7:26	13:33:56	9.9	1.1	50.5	3781	3426	0.91	42	2383	100.0	42.6	102	38	158
8:20	7:27	13:33:57	10.1	1.1	53.2	3979	3691	0.93	47	2125	99.6	42.9	101	39	158
8:21	7:28	13:33:58	10.2	1.1	49.6	3710	3565	0.96	45	2224	100.3	42.4	101	39	159
8:24	7:31	13:34:01	10.3	1.1	46.5	3478	3069	0.88	23	3422	79.3	54.5	96	43	159
8:25	7:32	13:34:02	10.1	1.1	56.7	4246	3674	0.87	43	2286	97.3	44.2	97	41	160
8:27	7:34	13:34:04	10.3	1.1	52.8	3953	3386	0.86	47	1951	92.2	47.1	98	40	160
8:28	7:35	13:34:05	10.2	1.1	53.2	3983	3573	0.90	43	2225	96.0	44.9	99	39	160
8:29	7:36	13:34:06	10.3	1.1	55.8	4179	3871	0.93	46	2287	105.5	39.5	101	39	160
8:31	7:38	13:34:08	9.9	1.1	49.7	3721	3414	0.92	41	2384	96.7	44.6	101	39	161
8:32	7:39	13:34:09	10.2	1.1	50.8	3801	3561	0.94	50	1987	99.4	43.0	101	39	161
8:34	7:41	13:34:11	10.1	1.1	50.4	3776	3378	0.89	30	2963	89.3	48.8	98	41	161
8:35	7:42	13:34:12	10.1	1.1	54.2	4057	3674	0.91	45	2176	97.4	44.1	100	40	161
8:37	7:44	13:34:14	10.2	1.1	52.0	3890	3578	0.92	44	2152	94.9	45.5	99	40	161
8:39	7:46	13:34:16	10.4	1.1	50.4	3772	3312	0.88	32	2765	88.7	49.1	99	40	161
8:40	7:47	13:34:17	10.2	1.1	54.7	4090	3651	0.89	40	2536	100.8	42.2	100	39	161
8:41	7:48	13:34:18	10.3	1.1	54.3	4063	3786	0.93	47	2110	99.7	42.8	100	40	161
8:43	7:50	13:34:20	10.2	1.1	53.3	3992	3578	0.90	47	2135	100.1	42.6	101	39	162
8:44	7:51	13:34:21	10.3	1.1	53.6	4008	3656	0.91	45	2262	101.3	41.9	100	39	162
8:46	7:53	13:34:23	10.2	1.1	52.3	3912	3528	0.90	31	3077	94.7	45.7	99	40	162
8:47	7:54	13:34:24	10.4	1.1	51.2	3831	3550	0.93	40	2525	101.7	41.7	101	39	162
8:49	7:56	13:34:26	10.3	1.1	54.5	4078	3879	0.95	47	2298	107.7	38.2	102	38	162
8:50	7:57	13:34:27	10.4	1.1	45.9	3434	3277	0.95	39	2550	100.7	42.3	104	38	162
8:51	7:58	13:34:28	10.3	1.1	56.8	4250	3942	0.93	55	2004	109.3	37.3	101	39	162
8:53	8:00	13:34:30	10.3	1.1	55.8	4178	3914	0.94	44	2440	108.4	37.8	102	39	162
8:54	8:01	13:34:31	10.3	1.1	53.1	3976	3682	0.93	47	2261	106.8	38.7	103	38	162
8:55	8:02	13:34:32	10.6	1.1	53.0	3965	3771	0.95	44	2376	104.1	40.3	102	38	163
8:57	8:04	13:34:34	10.3	1.1	52.6	3933	3711	0.94	48	2235	106.4	38.9	104	38	163
8:58	8:05	13:34:35	10.4	1.1	50.3	3764	3540	0.94	45	2309	105.0	39.8	104	37	163
9:00	8:07	13:34:37	10.4	1.1	51.9	3882	3624	0.93	37	2949	109.2	37.3	106	37	163
9:01	8:08	13:34:38	10.4	1.1	47.9	3586	3515	0.98	59	1849	109.8	37.0	104	38	163
9:02	8:09	13:34:39	10.4	1.1	48.2	3605	3418	0.95	43	2188	93.1	46.6	101	39	162
9:03	8:10	13:34:40	10.4	1.1	52.8	3952	3690	0.93	46	2174	100.3	42.4	101	39	162
9:05	8:12	13:34:42	10.4	1.1	51.2	3834	3446	0.90	32	2899	91.5	47.5	99	41	162
9:07	8:14	13:34:44	10.4	1.1	52.4	3925	3548	0.90	45	2214	99.9	42.7	101	39	162
9:08	8:15	13:34:45	10.4	1.1	54.9	4105	3849	0.94	41	2686	111.2	36.2	103	38	162
9:09	8:16	13:34:46	10.4	1.1	49.5	3707	3880	1.05	48	2287	109.8	37.0	104	37	162
9:11	8:18	13:34:48	10.4	1.1	48.7	3647	3511	0.96	46	2111	96.7	44.5	103	38	162
9:12	8:19	13:34:49	10.4	1.1	48.7	3647	3434	0.94	46	2118	97.0	44.3	103	38	162
9:14	8:21	13:34:51	10.4	1.1	50.1	3748	3409	0.91	30	3015	91.8	47.3	99	41	161
9:15	8:22	13:34:52	10.4	1.1	54.0	4041	3658	0.91	44	2285	100.8	42.2	100	40	161
9:16	8:23	13:34:53	10.4	1.1	54.8	4104	3896	0.95	46	2357	108.8	37.6	102	39	161
9:18	8:25	13:34:55	10.4	1.1	54.8	4104	3803	0.93	47	2294	106.7	38.8	102	39	162
9:19	8:26	13:34:56	10.4	1.1	50.4	3771	3513	0.93	45	2258	101.1	42.0	103	38	162
9:20	8:27	13:34:57	10.4	1.1	50.7	3792	3405	0.90	47	2055	96.3	44.7	101	39	162
9:22	8:29	13:34:59	10.4	1.1	51.1	3823	3638	0.95	43	2336	101.6	41.7	102	39	162
9:23	8:30	13:35:00	10.4	1.1	54.2	4055	3739	0.92	47	2220	104.9	39.8	101	39	163
9:24	8:31	13:35:01	10.6	1.1	51.7	3872	3700	0.96	46	2268	103.9	40.4	103	38	163
9:26	8:33	13:35:03	10.4	1.1	50.9	3810	3477	0.91	31	3102	95.5	45.2	100	40	163
9:28	8:35	13:35:05	10.4	1.1	20.8	1553	1302	0.84	36	939	33.5	80.8	85	49	163
9:30	8:37	13:35:07	10.4	1.1	63.0	4712	3781	0.80	31	3007	92.5	46.9	91	44	163
9:32	8:39	13:35:09	10.7	1.1	66.1	4950	4151	0.84	38	2888	110.4	36.7	97	40	162
9:33	8:40	13:35:10	10.7	1.1	54.0	4040	3642	0.90	41	2427	100.4	42.4	101	39	161
9:34	8:41	13:35:11	10.4	1.1	58.0	4344	4183	0.96	47	2388	112.8	35.3	101	39	161
9:36	8:43	13:35:13	10.7	1.1	52.8	3951	3582	0.91	47	2231	103.8	40.5	102	38	161
9:37	8:44	13:35:14	10.4	1.1	51.4	3848	3492	0.91	46	2147	99.1	43.2	101	39	161
9:38	8:45	13:35:15	10.6	1.1	55.8	4173	3830	0.92	43	2467	107.3	38.5	101	39	161
9:40	8:47	13:35:17	10.7	1.1	53.5	4004	3771	0.94	47	2193	102.0	41.5	101	39	162
9:41	8:48	13:35:18	10.7	1.1	51.7	3868	3537	0.91	47	2149	100.7	42.2	101	39	162
9:43	8:50	13:35:20	10.7	1.1	56.5	4227	3831	0.91	31	3225	100.3	42.5	98	41	162
9:44	8:51	13:35:21	10.6	1.1	53.0	3964	3702	0.93	44	2298	100.7	42.3	101	39	162
9:45	8:52	13:35:22	10.7	1.1	54.0	4042	3863	0.96	46	2323	106.4	39.0	102	39	162
9:47	8:54	13:35:24	10.7	1.1	52.7	3947	3643	0.92	47	2226	105.2	39.7	103	38	162
9:48	8:55	13:35:25	10.4	1.1	53.8	4023	3839	0.95	44	2394	106.4	39.0	102	39	162
9:49	8:56	13:35:26	10.7	1.1	53.6	4014	3821	0.95	47	2317	107.8	38.2	102	39	162
9:51	8:58	13:35:28	10.6	1.1	52.4	3924	3625	0.92	32	3067	99.5	42.9	101	39	162
9:53	9:00	13:35:30	10.6	1.1	46.5	3480	3198	0.92	38	2321	88.7	49.1	100	40	163
9:54	9:01	13:35:31	10.7	1.1	59.1	4424	3956	0.89	55	2008	109.5	37.2	100	40	163
9:55	9:02	13:35:32	10.7	1.1	54.8	4105	3848	0.94	48	2262	107.7	38.2	100	40	163
9:57	9:04	13:35:34	10.9	1.1	50.1	3746	3394	0.91	29	3102	89.0	48.9	98	41	164
9:58	9:05	13:35:35	10.9	1.1	58.4	4369	4015	0.92	48	2255	108.3	37.9	99	40	164
10:00	9:07	13:35:37	10.7	1.1	57.3	4285	4070	0.95	46	2402	110.0	36.9	101	39	164
10:01	9:08	13:35:38	10.9	1.1	54.2	4059	3781	0.93	47	2204	103.3	40.7	101	39	164
10:02	9:09	13:35:39	10.7	1.1	55.5	4156	3832	0.92	45	2312	104.3	40.2	100	40	164
10:04	9:11	13:35:41	10.7	1.1	53.1	3975	3711	0.93	45	2263	102.1	41.4	101	39	164
10:05	9:12	13:35:42	10.7	1.1	54.2	4060	3717	0.92	48	2141	103.6	40.6	101	39	164
10:08	9:15	13:35:45	10.9	1.1	46.4	3471	3157	0.91	22	3461	77.8	55.4	92	45	165
10:09	9:16	13:35:46	10.7	1.1	59.2	4433	3741	0.84	38	2501	96.2	44.8	94	43	164
10:11	9:18	13:35:48	10.7	1.1	56.0	4193	3617	0.86	30	3098	92.5	47.0	95	43	165
10:13	9:20	13:35:50	10.9	1.1	59.9	4482	3876	0.86	39	2705	104.7	39.9	98	41	164
10:14	9:21	13:35:51	11.0	1.1	58.5	4379	3934	0.90	41	2740	111.1	36.3	101	39	164
10:16	9:23	13:35:53	10.7	1.1	57.0	4264	3965	0.93	45	2548	114.9	34.1	102	38	163
10:17	9:24	13:35:54	10.9	1.1	56.2	4207	4042	0.96	48	2286	110.6	36.6	102	39	162
10:18	9:25	13:35:55	10.7	1.1	52.6	3936	3623	0.92	38	2602	100.1	42.6	100	40	162
10:20	9:27	13:35:57	10.7	1.1	54.2	4058	3681	0.91	31	3149	96.4	44.7	98	41	163
10:21	9:28	13:35:58	11.0	1.1	56.3	4210	3967	0.94	61	1878	113.8	34.7	100	40	163
10:23	9:30	13:36:00	10.7	1.1	58.8	4399	4101	0.93	43	2617	113.0	35.2	101	39	164
10:24	9:31	13:36:01	10.9	1.1	57.7	4315	4064	0.94	46	2428	112.1	35.7	101	39	165
10:25	9:32	13:36:02	11.0	1.1	57.2	4283	4141	0.97	47	2369	111.9	35.8	102	39	165
10:27	9:34	13:36:04	10.9	1.1	55.4	4146	3903	0.94	46	2302	106.3	39.0	101	39	165
10:28	9:35	13:36:05	11.0	1.1	50.8	3802	3613	0.95	45	2165	97.0	44.4	99	41	166
10:29	9:36	13:36:06	11.1	1.1	55.5	4157	3898	0.94	46	2329	106.7	38.8	100	40	166
10:31	9:38	13:36:08	10.9	1.1	57.6	4309	3925	0.91	32	3197	102.6	41.2	98	42	166
10:32	9:39	13:36:09	11.0	1.1	59.6	4460	4155	0.93	42	2692	112.9	35.2	100	40	166
10:34	9:41	13:36:11	10.9	1.1	57.1	4274	4081	0.96	47	2401	111.7	36.0	102	39	167
10:35	9:42	13:36:12	11.0	1.1	60.0	4491	4345	0.97	48	2499	119.0	31.7	102	39	167
10:36	9:43	13:36:13	11.1	1.1	55.2	4130	4041	0.98	44	2542	113.0	35.2	103	39	167
10:38	9:45	13:36:15	10.9	1.1	56.4	4221	4191	0.99	47	2417	113.3	35.0	103	39	167
10:39	9:46	13:36:16	11.1	1.1	50.6	3790	3572	0.94	48	2046	98.2	43.7	101	40	167
10:41	9:48	13:36:18	11.1	1.1	55.5	4152	3773	0.91	32	3098	98.9	43.3	100	41	167
10:42	9:49	13:36:19	11.1	1.1	56.2	4204	3822	0.91	44	2330	102.8	41.0	99	41	167
10:44	9:51	13:36:21	11.1	1.1	53.6	4014	3641	0.91	45	2201	98.5	43.5	100	41	167
10:45	9:52	13:36:22	11.1	1.1	55.2	4133	3792	0.92	43	2480	105.5	39.5	100	40	168
10:46	9:53	13:36:23	11.2	1.1	62.5	4678	4501	0.96	50	2430	121.5	30.3	101	40	168
10:47	9:54	13:36:24	10.9	1.1	55.2	4133	3883	0.94	47	2366	110.1	36.9	101	40	168
10:49	9:56	13:36:26	11.0	1.1	48.7	3646	3397	0.93	39	2497	97.3	44.2	101	40	168
10:51	9:58	13:36:28	11.0	1.1	56.4	4224	3801	0.90	30	3299	98.0	43.8	97	42	167
10:52	9:59	13:36:29	11.1	1.1	53.4	3997	3754	0.94	62	1741	107.7	38.2	100	40	167
10:53	10:00	13:36:30	11.1	1.1	58.3	4366	3953	0.91	43	2504	108.1	38.0	99	40	167
10:55	10:02	13:36:32	11.0	1.1	58.7	4394	4099	0.93	47	2398	111.6	36.0	101	40	167
10:56	10:03	13:36:33	11.1	1.1	57.5	4305	4093	0.95	47	2325	109.0	37.5	100	40	167
10:58	10:05	13:36:35	11.1	1.1	51.3	3837	3550	0.93	29	3159	92.0	47.2	97	42	168
11:00	10:07	13:36:37	11.2	1.1	54.5	4077	3647	0.89	29	3140	89.7	48.5	96	43	168
11:01	10:08	13:36:38	11.2	1.1	57.6	4313	4129	0.96	60	1906	114.4	34.4	99	41	168
11:02	10:09	13:36:39	11.2	1.1	58.8	4397	3893	0.89	48	2125	102.8	41.0	97	42	168
11:04	10:11	13:36:41	11.2	1.1	55.3	4142	3749	0.91	31	3080	95.3	45.4	98	41	168
11:06	10:13	13:36:43	11.2	1.1	55.7	4167	3769	0.90	41	2393	99.0	43.2	98	42	168
11:07	10:14	13:36:44	11.2	1.1	61.6	4613	4305	0.93	48	2344	112.5	35.5	100	41	168
11:08	10:15	13:36:45	11.2	1.1	54.3	4063	3827	0.94	42	2537	105.7	39.4	101	40	168
11:10	10:17	13:36:47	11.2	1.1	58.6	4389	4085	0.93	53	2139	113.6	34.9	101	40	168
11:11	10:18	13:36:48	11.2	1.1	58.5	4379	4202	0.96	45	2491	112.4	35.5	102	40	168
11:12	10:19	13:36:49	11.2	1.1	62.6	4685	4570	0.98	45	2842	129.2	25.9	103	39	168
11:13	10:20	13:36:50	11.2	1.1	55.5	4153	4207	1.01	47	2465	114.6	34.2	103	39	168
11:15	10:22	13:36:52	11.2	1.1	56.3	4213	4210	1.00	46	2459	113.5	34.9	102	40	168
11:17	10:24	13:36:54	11.1	1.1	50.4	3771	3446	0.91	27	3277	88.2	49.4	96	44	168
11:18	10:25	13:36:55	11.2	1.1	55.1	4123	4016	0.97	62	1839	113.7	34.8	100	41	168
11:19	10:26	13:36:56	11.4	1.1	60.7	4541	4217	0.93	47	2427	114.7	34.2	100	41	168
11:21	10:28	13:36:58	11.2	1.1	59.3	4438	4273	0.96	44	2618	115.5	33.7	101	39	168
11:22	10:29	13:36:59	11.2	1.1	56.7	4240	4156	0.98	47	2502	116.4	33.2	103	39	168
11:23	10:30	13:37:00	11.2	1.1	55.9	4180	4151	0.99	44	2629	116.9	33.0	104	38	168
11:25	10:32	13:37:02	11.2	1.1	54.3	4068	3805	0.94	33	3028	100.4	42.4	99	42	168
11:26	10:33	13:37:03	11.2	1.1	57.9	4330	4057	0.94	45	2458	110.9	36.4	101	40	167
11:28	10:35	13:37:05	11.4	1.1	56.5	4227	4008	0.95	44	2491	109.9	37.0	101	40	167
11:29	10:36	13:37:06	11.5	1.1	54.9	4111	3936	0.96	47	2301	107.0	38.6	100	41	167
11:30	10:37	13:37:07	11.2	1.1	57.1	4273	4172	0.98	48	2412	115.8	33.6	102	40	167
11:32	10:39	13:37:09	11.2	1.1	55.5	4157	3955	0.95	43	2482	107.9	38.1	100	40	167
11:33	10:40	13:37:10	11.2	1.1	56.8	4248	3912	0.92	34	3008	100.8	42.2	97	42	168
11:35	10:42	13:37:12	11.4	1.1	57.9	4336	4026	0.93	44	2397	106.5	38.9	100	41	168
11:36	10:43	13:37:13	11.5	1.1	62.2	4658	4532	0.97	47	2625	122.1	30.0	101	40	168
11:37	10:44	13:37:14	11.4	1.1	59.9	4484	4442	0.99	47	2603	121.1	30.5	102	39	168
11:39	10:46	13:37:16	11.2	1.1	58.1	4350	4244	0.98	47	2504	117.4	32.7	103	39	168
11:40	10:47	13:37:17	11.5	1.1	56.8	4248	4177	0.98	47	2451	114.9	34.1	103	39	168
11:41	10:48	13:37:18	11.4	1.1	60.1	4501	4456	0.99	46	2642	121.0	30.6	102	40	168
11:42	10:49	13:37:19	11.4	1.1	54.7	4091	3953	0.97	49	2277	111.1	36.3	102	40	168
11:44	10:51	13:37:21	11.4	1.1	59.1	4420	4308	0.97	44	2686	117.6	32.5	102	40	169
11:45	10:52	13:37:22	11.4	1.1	57.4	4294	4189	0.98	48	2367	114.6	34.3	102	40	169
11:46	10:53	13:37:23	11.5	1.1	55.4	4147	3946	0.95	48	2285	110.6	36.6	102	40	169
11:48	10:55	13:37:25	11.7	1.1	57.9	4334	4237	0.98	45	2478	111.8	35.9	101	40	169
11:50	10:57	13:37:27	11.4	1.1	53.5	4005	3761	0.94	31	3025	93.1	46.6	97	43	169
11:51	10:58	13:37:28	11.6	1.1	58.0	4342	4069	0.94	44	2410	107.1	38.6	99	42	169
11:52	10:59	13:37:29	11.5	1.1	64.5	4829	4441	0.92	52	2277	117.8	32.4	99	42	169
11:53	11:00	13:37:30	11.5	1.1	61.4	4598	4407	0.96	46	2570	117.7	32.5	101	40	170
11:55	11:02	13:37:32	11.6	1.1	60.6	4539	4492	0.99	47	2588	121.3	30.4	102	40	170
11:56	11:03	13:37:33	11.7	1.1	60.0	4487	4444	0.99	46	2654	121.6	30.3	102	40	170
11:57	11:04	13:37:34	11.4	1.1	58.9	4406	4418	1.00	47	2541	120.1	31.1	103	40	170
11:59	11:06	13:37:36	11.7	1.1	58.6	4388	4356	0.99	46	2612	119.7	31.4	102	40	170
12:00	11:07	13:37:37	11.4	1.1	57.0	4265	4227	0.99	46	2549	116.7	33.0	102	40	170
12:01	11:08	13:37:38	11.5	1.1	60.3	4514	4476	0.99	48	2615	124.5	28.6	103	39	170
12:02	11:09	13:37:39	11.5	1.1	56.6	4234	4188	0.99	49	2433	118.7	31.9	104	38	170
12:04	11:11	13:37:41	11.6	1.1	53.2	3980	3761	0.94	31	3145	96.3	44.8	98	43	171
12:06	11:13	13:37:43	11.7	1.1	63.5	4749	4492	0.95	48	2498	120.9	30.7	100	41	171
12:07	11:14	13:37:44	11.7	1.1	60.5	4528	4350	0.96	45	2587	117.6	32.6	101	41	171
12:08	11:15	13:37:45	11.5	1.1	60.6	4532	4432	0.98	47	2543	119.2	31.6	101	40	171
12:10	11:17	13:37:47	11.7	1.1	60.4	4522	4440	0.98	47	2569	120.4	30.9	102	40	171
12:11	11:18	13:37:48	11.7	1.1	60.0	4494	4396	0.98	48	2540	121.9	30.1	102	40	171
12:12	11:19	13:37:49	11.6	1.1	59.3	4436	4336	0.98	46	2574	118.8	31.8	102	40	171
12:13	11:20	13:37:50	11.7	1.1	58.1	4345	4379	1.01	47	2558	119.0	31.8	103	39	171
12:15	11:22	13:37:52	11.7	1.1	59.4	4443	4386	0.99	48	2555	122.6	29.7	103	39	170
12:16	11:23	13:37:53	11.5	1.1	58.8	4402	4271	0.97	47	2518	118.9	31.8	102	40	170
12:17	11:24	13:37:54	11.6	1.1	57.9	4335	4233	0.98	47	2492	115.9	33.5	103	40	170
12:18	11:25	13:37:55	11.6	1.1	59.8	4474	4462	1.00	47	2583	121.1	30.5	102	40	170
12:20	11:27	13:37:57	11.7	1.1	59.1	4423	4317	0.98	48	2490	118.5	32.0	102	40	171
12:21	11:28	13:37:58	11.7	1.1	57.1	4277	4176	0.98	44	2600	115.5	33.7	102	40	171
12:22	11:29	13:37:59	11.7	1.1	63.3	4736	4759	1.00	49	2665	130.0	25.4	103	39	171
12:24	11:31	13:38:01	11.9	1.1	60.7	4544	4583	1.01	48	2622	124.8	28.4	103	39	171
12:25	11:32	13:38:02	11.7	1.1	57.6	4313	4324	1.00	46	2622	121.0	30.6	103	39	171
12:26	11:33	13:38:03	11.7	1.1	58.8	4398	4462	1.01	47	2511	118.6	32.0	103	39	171
12:27	11:34	13:38:04	11.9	1.1	55.9	4186	4102	0.98	48	2374	114.9	34.1	102	40	172
12:29	11:36	13:38:06	11.7	1.1	58.4	4374	4304	0.98	44	2676	117.2	32.8	101	40	172
12:31	11:38	13:38:08	11.9	1.1	52.6	3935	3697	0.94	29	3206	92.9	46.7	96	44	172
12:32	11:39	13:38:09	11.7	1.1	60.4	4517	4369	0.97	58	2072	120.7	30.8	100	41	172
12:33	11:40	13:38:10	11.7	1.1	63.5	4754	4581	0.96	46	2608	120.4	31.0	101	41	172
12:34	11:41	13:38:11	11.7	1.1	63.2	4733	4613	0.97	46	2740	126.5	27.5	102	40	172
12:36	11:43	13:38:13	11.9	1.1	62.0	4639	4672	1.01	47	2684	126.8	27.3	102	40	172
12:37	11:44	13:38:14	11.7	1.1	53.2	3984	4014	1.01	43	2583	112.3	35.6	102	40	172
12:39	11:46	13:38:16	11.7	1.1	61.1	4574	4287	0.94	35	3177	110.2	36.8	98	43	172
12:40	11:47	13:38:17	12.0	1.1	59.8	4475	4451	0.99	44	2645	117.5	32.6	101	41	172
12:41	11:48	13:38:18	11.7	1.1	63.8	4773	4612	0.97	47	2661	123.8	29.0	101	41	172
12:43	11:50	13:38:20	11.7	1.1	61.5	4602	4580	1.00	48	2554	122.6	29.7	101	40	172
12:44	11:51	13:38:21	11.7	1.1	60.7	4546	4417	0.97	46	2626	121.2	30.5	102	40	172
12:45	11:52	13:38:22	12.0	1.1	58.8	4397	4350	0.99	45	2626	119.4	31.5	102	40	172
12:47	11:54	13:38:24	11.7	1.1	60.2	4505	4523	1.00	50	2449	122.5	29.7	103	39	172
12:48	11:55	13:38:25	11.7	1.1	62.7	4694	4655	0.99	47	2677	126.5	27.4	102	40	172
12:49	11:56	13:38:26	11.9	1.1	56.2	4207	4178	0.99	38	2806	106.6	38.9	100	41	172
12:50	11:57	13:38:27	12.0	1.1	53.2	3981	4029	1.01	54	2043	110.4	36.7	102	40	172
12:52	11:59	13:38:29	11.9	1.1	68.7	5142	5007	0.97	57	2443	139.6	19.9	102	40	172
12:53	12:00	13:38:30	11.7	1.1	63.6	4757	4697	0.99	46	2771	127.9	26.6	103	40	172
12:54	12:01	13:38:31	11.9	1.1	62.2	4655	4626	0.99	47	2734	128.1	26.5	102	40	173
12:56	12:03	13:38:33	12.2	1.1	57.6	4307	4082	0.95	33	3159	103.0	40.9	98	42	173
12:57	12:04	13:38:34	11.9	1.1	63.5	4754	4531	0.95	45	2699	121.7	30.2	101	41	173
12:59	12:06	13:38:36	11.9	1.1	62.2	4657	4527	0.97	47	2640	124.7	28.4	102	40	173
13:00	12:07	13:38:37	12.0	1.1	61.4	4596	4578	1.00	47	2743	127.6	26.8	103	40	173
13:01	12:08	13:38:38	12.0	1.1	63.7	4765	4772	1.00	45	2874	130.6	25.1	103	40	173
13:02	12:09	13:38:39	11.7	1.1	60.2	4506	4672	1.04	47	2736	128.2	26.4	103	40	173
13:04	12:11	13:38:41	12.0	1.1	54.5	4077	4459	1.09	49	2552	125.5	28.0	104	39	173
13:05	12:12	13:38:42	11.9	1.1	58.3	4362	4302	0.99	39	2898	112.9	35.2	101	41	173
13:07	12:14	13:38:44	11.9	1.1	63.1	4723	4551	0.96	37	3131	116.7	33.1	98	42	173
13:08	12:15	13:38:45	11.9	1.1	59.9	4486	4386	0.98	38	3059	116.2	33.4	99	42	173
13:09	12:16	13:38:46	12.0	1.1	57.2	4278	4233	0.99	61	1969	119.3	31.6	102	40	173
13:11	12:18	13:38:48	11.7	1.1	57.9	4335	4098	0.95	30	3415	103.0	40.9	97	44	173
13:13	12:20	13:38:50	11.9	1.1	66.7	4994	4787	0.96	47	2748	127.8	26.7	100	41	173
13:14	12:21	13:38:51	12.0	1.1	64.1	4798	4683	0.98	50	2526	126.3	27.6	101	41	173
13:15	12:22	13:38:52	12.1	1.1	62.8	4701	4638	0.99	45	2761	125.5	28.0	102	40	173
13:16	12:23	13:38:53	11.9	1.1	61.3	4591	4663	1.02	48	2588	124.2	28.7	101	41	174
13:18	12:25	13:38:55	12.0	1.1	60.1	4499	4604	1.02	48	2656	128.5	26.3	103	40	174
13:19	12:26	13:38:56	11.9	1.1	61.2	4581	4587	1.00	47	2708	127.9	26.6	103	39	174
13:20	12:27	13:38:57	11.7	1.1	61.7	4617	4573	0.99	48	2715	129.3	25.8	104	39	174
13:21	12:28	13:38:58	11.9	1.1	62.3	4661	4686	1.01	47	2747	128.8	26.1	103	40	174
13:23	12:30	13:39:00	12.0	1.1	60.3	4516	4553	1.01	48	2706	128.9	26.1	104	39	173
13:24	12:31	13:39:01	12.0	1.1	59.8	4476	4619	1.03	48	2726	130.8	25.0	104	39	173
13:25	12:32	13:39:02	12.1	1.1	61.1	4572	4571	1.00	47	2718	127.4	26.9	103	40	173
13:27	12:34	13:39:04	12.2	1.1	61.1	4574	4595	1.00	47	2710	128.0	26.6	104	39	173
13:28	12:35	13:39:05	12.0	1.1	62.1	4650	4707	1.01	46	2776	127.1	27.1	103	40	173
13:29	12:36	13:39:06	12.1	1.1	60.0	4491	4416	0.98	50	2462	123.1	29.4	103	40	173
13:30	12:37	13:39:07	12.2	1.1	62.7	4691	4807	1.02	46	2764	127.6	26.8	102	40	173
13:32	12:39	13:39:09	12.2	1.1	61.0	4562	4534	0.99	48	2595	125.6	28.0	103	40	173
13:33	12:40	13:39:10	12.4	1.1	62.6	4684	4690	1.00	48	2688	128.0	26.6	103	40	173
13:34	12:41	13:39:11	12.1	1.1	60.8	4550	4607	1.01	46	2741	125.5	28.0	103	40	173
13:35	12:42	13:39:12	12.2	1.1	61.9	4629	4684	1.01	50	2648	131.3	24.7	104	39	173
13:37	12:44	13:39:14	12.2	1.1	61.8	4628	4683	1.01	47	2761	129.4	25.8	104	39	173
13:38	12:45	13:39:15	12.2	1.1	61.7	4617	4772	1.03	48	2757	131.3	24.7	103	40	173
13:39	12:46	13:39:16	12.2	1.1	59.8	4474	4741	1.06	48	2768	133.9	23.2	105	39	173
13:40	12:47	13:39:17	12.2	1.1	61.3	4586	4612	1.01	49	2607	127.2	27.1	103	40	173
13:42	12:49	13:39:19	12.2	1.1	61.0	4563	4631	1.02	45	2714	122.4	29.8	102	41	173
13:43	12:50	13:39:20	12.5	1.1	61.4	4597	4597	1.00	48	2602	124.9	28.3	102	40	174
13:44	12:51	13:39:21	12.1	1.1	61.6	4608	4575	0.99	49	2544	125.1	28.2	102	41	174
13:46	12:53	13:39:23	12.4	1.1	62.2	4657	4632	0.99	45	2667	121.2	30.5	101	41	174
13:47	12:54	13:39:24	12.2	1.1	63.0	4711	4665	0.99	50	2617	129.8	25.6	103	40	174
13:48	12:55	13:39:25	12.5	1.1	63.2	4729	4802	1.02	47	2778	129.2	25.9	103	40	174
13:49	12:56	13:39:26	12.4	1.1	62.0	4644	4734	1.02	47	2639	123.7	29.0	101	41	174
13:51	12:58	13:39:28	12.1	1.1	62.9	4706	4732	1.01	49	2653	129.4	25.8	103	40	174
13:52	12:59	13:39:29	12.2	1.1	61.9	4632	4659	1.01	46	2781	127.4	26.9	103	40	174
13:53	13:00	13:39:30	12.2	1.1	63.5	4750	4785	1.01	49	2668	131.2	24.7	103	40	174
13:54	13:01	13:39:31	12.2	1.1	62.7	4696	4903	1.04	47	2821	131.2	24.7	102	41	174
13:56	13:03	13:39:33	12.4	1.1	61.5	4605	4689	1.02	48	2640	125.7	27.9	102	41	174
13:57	13:04	13:39:34	12.5	1.1	63.0	4713	4778	1.01	48	2688	129.0	26.0	102	40	175
13:58	13:05	13:39:35	12.2	1.1	63.4	4744	4771	1.01	48	2729	131.0	24.9	103	40	175
13:59	13:06	13:39:36	12.2	1.1	61.3	4589	4596	1.00	50	2545	127.2	27.0	103	40	174
14:01	13:08	13:39:38	12.4	1.1	62.5	4674	4598	0.98	48	2567	124.2	28.7	101	41	175
14:02	13:09	13:39:39	12.4	1.1	58.3	4366	4421	1.01	39	2967	116.4	33.3	102	41	175
14:03	13:10	13:39:40	12.2	1.1	63.4	4745	4881	1.03	59	2318	137.7	21.0	103	40	175
14:04	13:11	13:39:41	12.2	1.1	63.6	4761	4742	1.00	45	2954	132.3	24.1	103	40	175
14:06	13:13	13:39:43	12.4	1.1	64.5	4824	4854	1.01	51	2719	138.2	20.7	104	40	175
14:07	13:14	13:39:44	12.4	1.1	60.9	4558	4769	1.05	48	2787	132.7	23.9	103	40	175
14:08	13:15	13:39:45	12.5	1.1	60.3	4511	4579	1.01	47	2742	129.5	25.7	104	39	175
14:09	13:16	13:39:46	12.4	1.6	63.5	4751	4803	1.01	49	2789	136.0	22.0	104	39	175
14:11	13:18	13:39:48	12.2	1.6	63.0	4714	4806	1.02	48	2805	134.7	22.8	104	40	175
14:12	13:19	13:39:49	12.4	1.6	62.0	4641	4718	1.02	47	2837	132.0	24.3	104	39	175
14:13	13:20	13:39:50	12.5	1.6	62.9	4705	4866	1.03	48	2829	134.7	22.7	104	39	175
14:14	13:21	13:39:51	12.2	1.6	63.3	4735	4885	1.03	51	2681	137.5	21.1	104	40	175
14:16	13:23	13:39:53	12.2	1.6	62.1	4644	4767	1.03	46	2874	131.6	24.5	104	40	175
14:17	13:24	13:39:54	12.4	1.6	60.4	4523	4707	1.04	48	2695	130.4	25.2	103	40	175
14:18	13:25	13:39:55	12.5	1.6	61.8	4628	4750	1.03	47	2841	133.1	23.6	104	39	175
14:19	13:26	13:39:56	12.2	1.6	61.3	4586	4799	1.05	47	2881	135.1	22.5	105	39	175
14:21	13:28	13:39:58	12.4	1.6	59.2	4429	4895	1.11	50	2791	139.6	19.9	105	39	175
14:22	13:29	13:39:59	12.2	1.6	60.9	4557	4697	1.03	48	2734	132.3	24.1	104	39	175
14:23	13:30	13:40:00	12.4	1.7	60.5	4525	4758	1.05	49	2725	134.0	23.1	104	40	175
14:24	13:31	13:40:01	12.4	1.7	64.3	4811	4931	1.02	48	2829	135.8	22.1	103	40	175
14:26	13:33	13:40:03	12.5	1.7	61.1	4571	4804	1.05	48	2820	134.3	23.0	105	39	175
14:27	13:34	13:40:04	12.5	1.7	62.5	4679	4825	1.03	47	2868	134.5	22.9	105	39	175
14:28	13:35	13:40:05	12.5	1.6	63.3	4736	4878	1.03	49	2777	136.6	21.7	104	40	175
14:29	13:36	13:40:06	12.2	1.6	63.6	4762	4886	1.03	47	2792	131.9	24.3	103	40	175
14:31	13:38	13:40:08	12.2	1.6	62.4	4674	4823	1.03	48	2762	133.7	23.3	104	40	176
14:32	13:39	13:40:09	12.2	1.7	60.9	4558	4698	1.03	48	2818	134.2	23.0	105	39	176
14:33	13:40	13:40:10	12.2	1.7	59.6	4461	4887	1.10	47	2819	132.1	24.2	104	40	176
14:34	13:41	13:40:11	12.2	1.6	62.2	4659	4899	1.05	47	2836	134.0	23.1	103	40	176
14:36	13:43	13:40:13	12.2	1.7	61.0	4568	4700	1.03	50	2642	132.1	24.2	104	40	176
14:37	13:44	13:40:14	12.4	1.7	64.6	4834	4964	1.03	49	2809	138.2	20.7	104	40	176
14:38	13:45	13:40:15	12.5	1.7	62.5	4680	4931	1.05	48	2862	136.3	21.8	104	40	176
14:39	13:46	13:40:16	12.5	2.3	64.1	4795	4982	1.04	48	2833	137.1	21.4	104	40	176
14:41	13:48	13:40:18	12.2	2.3	62.1	4650	4864	1.05	49	2775	135.4	22.4	104	40	176
14:42	13:49	13:40:19	12.4	2.4	57.2	4282	4778	1.12	46	2852	131.6	24.5	104	40	176
14:43	13:50	13:40:20	12.4	2.4	65.3	4890	5043	1.03	50	2759	139.1	20.2	104	39	176
14:44	13:51	13:40:21	12.5	2.4	62.7	4693	4854	1.03	48	2811	133.9	23.2	104	39	176
14:46	13:53	13:40:23	12.5	2.4	62.8	4699	4858	1.03	48	2792	134.0	23.1	104	40	177
14:47	13:54	13:40:24	12.2	2.4	65.3	4888	5065	1.04	48	2928	140.5	19.4	105	40	177
14:48	13:55	13:40:25	12.2	2.4	63.4	4744	4961	1.05	49	2804	137.9	20.9	104	40	177
14:49	13:56	13:40:26	12.4	2.4	62.8	4701	4918	1.05	48	2879	137.1	21.4	104	40	177
14:51	13:58	13:40:28	12.5	2.4	63.8	4772	4989	1.05	50	2790	138.3	20.6	104	40	177
14:52	13:59	13:40:29	12.6	2.4	62.8	4701	4968	1.06	49	2726	134.0	23.1	104	40	177
14:53	14:00	13:40:30	12.2	2.7	62.5	4677	4880	1.04	47	2863	134.2	23.0	104	40	177
14:54	14:01	13:40:31	12.2	2.8	63.9	4782	5017	1.05	49	2777	136.6	21.7	104	40	177
14:56	14:03	13:40:33	12.5	2.8	62.1	4647	4855	1.04	48	2768	132.9	23.8	104	40	177
14:57	14:04	13:40:34	12.5	2.8	63.6	4762	4988	1.05	48	2848	137.8	20.9	105	40	177
14:58	14:05	13:40:35	12.2	2.8	63.1	4723	4933	1.04	49	2805	136.8	21.5	104	40	177
14:59	14:06	13:40:36	12.2	2.8	63.2	4729	5132	1.09	65	2267	147.8	15.2	106	39	177
15:00	14:07	13:40:37	12.2	2.8	61.0	4567	5092	1.12	65	2322	151.4	13.1	107	38	177
15:01	14:08	13:40:38	12.4	2.8	61.8	4625	4964	1.07	48	2865	137.5	21.1	105	40	177
15:02	14:09	13:40:39	12.5	2.8	62.7	4695	4949	1.05	48	2850	136.8	21.5	105	40	177
15:04	14:11	13:40:41	12.2	2.8	61.8	4628	4869	1.05	48	2807	133.7	23.3	104	40	177
15:05	14:12	13:40:42	12.4	2.8	62.5	4677	4900	1.05	49	2748	134.1	23.1	104	40	177
15:06	14:13	13:40:43	12.2	2.8	63.3	4739	4953	1.05	48	2801	135.5	22.3	104	40	178
15:07	14:14	13:40:44	12.2	2.8	64.2	4802	5040	1.05	49	2749	135.2	22.4	103	41	177
15:09	14:16	13:40:46	12.4	3.5	64.3	4812	5081	1.06	48	2878	138.2	20.7	105	40	177
15:10	14:17	13:40:47	12.4	3.6	63.7	4766	5101	1.07	49	2865	139.8	19.8	105	40	177
15:11	14:18	13:40:48	12.5	3.6	63.3	4739	4984	1.05	48	2774	134.2	23.0	104	40	178
15:12	14:19	13:40:49	12.5	3.6	60.9	4556	5025	1.10	50	2719	135.9	22.0	104	40	178
15:14	14:21	13:40:51	12.5	3.6	61.9	4634	4880	1.05	47	2859	134.0	23.1	105	40	178
15:15	14:22	13:40:52	12.4	3.6	64.3	4815	5080	1.06	49	2862	139.6	19.9	104	40	178
15:16	14:23	13:40:53	12.2	3.7	62.1	4648	5078	1.09	50	2724	137.3	21.2	104	40	178
15:17	14:24	13:40:54	12.2	3.7	61.8	4623	5240	1.13	65	2355	152.0	12.8	106	39	178
15:18	14:25	13:40:55	12.4	3.7	64.2	4805	5484	1.14	65	2452	159.9	8.3	107	38	178
15:19	14:26	13:40:56	12.4	3.7	62.9	4707	5050	1.07	47	2988	140.1	19.7	106	39	178
15:20	14:27	13:40:57	12.5	3.7	62.3	4665	5089	1.09	48	2878	139.3	20.1	105	39	178
15:21	14:28	13:40:58	12.5	3.7	57.9	4335	5174	1.19	67	2307	153.8	11.8	108	38	178
15:22	14:29	13:40:59	12.5	3.7	63.7	4770	5438	1.14	65	2452	159.9	8.3	108	38	178
15:23	14:30	13:41:00	12.4	3.9	61.8	4624	5247	1.13	66	2382	157.1	9.9	108	38	178
15:24	14:31	13:41:01	12.2	4.1	35.1	2630	5302	2.02	64	2465	157.4	9.7	109	37	178
15:25	14:32	13:41:02	12.2	4.1	61.7	4619	5062	1.10	48	2943	140.2	19.6	106	39	178
15:26	14:33	13:41:03	12.2	4.1	63.0	4715	5086	1.08	49	2887	140.8	19.2	105	40	178
15:27	14:34	13:41:04	12.2	4.1	60.3	4511	5419	1.20	67	2366	159.5	8.5	108	38	178
15:28	14:35	13:41:05	12.2	4.1	60.9	4556	5463	1.20	65	2505	161.6	7.3	109	37	178
15:29	14:36	13:41:06	12.2	4.1	60.2	4509	5338	1.18	67	2379	160.4	8.0	108	38	178
15:30	14:37	13:41:07	12.2	4.1	61.2	4577	5321	1.16	63	2531	159.8	8.3	109	38	178
15:31	14:38	13:41:08	12.5	4.1	62.1	4647	5511	1.19	66	2469	162.8	6.6	108	38	178
15:32	14:39	13:41:09	12.6	4.1	57.1	4273	5153	1.21	63	2444	154.3	11.5	109	37	178
15:33	14:40	13:41:10	12.5	4.1	61.8	4626	5065	1.10	50	2827	140.2	19.6	106	40	179
15:34	14:41	13:41:11	12.5	4.1	57.8	4327	5235	1.21	68	2248	153.2	12.1	108	38	179
15:35	14:42	13:41:12	12.4	4.1	61.5	4604	5414	1.18	63	2486	157.0	9.9	108	39	179
15:36	14:43	13:41:13	12.2	4.1	61.6	4611	5479	1.19	66	2464	162.4	6.8	108	38	179
15:37	14:44	13:41:14	12.2	4.1	60.2	4502	5321	1.18	63	2529	159.7	8.4	109	37	179
15:38	14:45	13:41:15	12.2	4.1	61.8	4626	5108	1.10	48	2957	140.8	19.2	106	40	179
15:39	14:46	13:41:16	12.2	4.2	63.8	4772	5245	1.10	50	2826	141.3	19.0	105	40	179
15:41	14:48	13:41:18	12.2	4.2	61.2	4578	5059	1.10	48	2855	136.0	22.0	105	40	179
15:41	14:48	13:41:18	12.5	4.2	64.1	4800	5625	1.17	67	2427	163.6	6.1	108	38	179
15:42	14:49	13:41:19	12.5	4.2	62.5	4679	5624	1.20	65	2519	162.5	6.8	107	39	179
15:43	14:50	13:41:20	12.5	4.2	62.7	4691	5519	1.18	66	2459	162.1	7.0	108	38	179
15:44	14:51	13:41:21	12.4	4.2	62.1	4648	5441	1.17	65	2489	160.6	7.9	109	38	178
15:45	14:52	13:41:22	12.2	4.2	60.4	4518	5425	1.20	65	2471	161.1	7.6	109	38	178
15:46	14:53	13:41:23	12.2	4.2	61.4	4599	5452	1.19	65	2491	162.5	6.8	109	38	178
15:47	14:54	13:41:24	12.4	4.2	54.9	4110	5343	1.30	65	2477	159.8	8.3	109	38	178
15:48	14:55	13:41:25	12.2	4.2	61.5	4604	5581	1.21	63	2580	163.0	6.5	109	38	178
15:49	14:56	13:41:26	12.4	4.2	61.9	4629	5262	1.14	50	2863	143.2	17.9	106	40	178
15:50	14:57	13:41:27	12.5	4.2	58.8	4401	5336	1.21	65	2413	157.4	9.7	108	38	177
15:51	14:58	13:41:28	12.6	4.2	53.7	4018	5658	1.41	64	2572	164.1	5.8	108	39	178
15:52	14:59	13:41:29	12.6	4.2	60.8	4550	5488	1.21	65	2467	160.9	7.7	108	38	178
15:53	15:00	13:41:30	12.5	4.2	61.5	4606	5428	1.18	64	2527	161.3	7.5	109	37	177
15:54	15:01	13:41:31	12.2	5.0	59.1	4421	5575	1.26	66	2532	166.9	4.2	109	38	177
15:55	15:02	13:41:32	12.2	5.0	36.4	2727	5562	2.04	66	2478	163.4	6.3	109	38	177
15:56	15:03	13:41:33	12.2	5.1	59.4	4446	5630	1.27	67	2487	165.8	4.9	109	38	177
15:57	15:04	13:41:34	12.2	5.1	60.2	4509	5468	1.21	64	2520	160.9	7.7	109	38	177
15:58	15:05	13:41:35	12.2	5.1	61.3	4587	5185	1.13	50	2872	143.6	17.6	106	40	178
15:59	15:06	13:41:36	12.2	5.1	60.1	4501	5400	1.20	65	2515	162.2	6.9	109	38	178
16:00	15:07	13:41:37	12.2	5.1	61.5	4600	5806	1.26	65	2600	167.8	3.8	108	39	178
16:01	15:08	13:41:38	12.4	5.1	36.8	2755	5525	2.01	65	2488	162.3	6.9	109	38	178
16:01	15:08	13:41:38	12.4	5.1	59.4	4444	5428	1.22	65	2504	161.5	7.3	109	38	178
16:02	15:09	13:41:39	12.4	5.1	56.9	4262	5210	1.22	67	2364	157.6	9.6	109	38	178
16:03	15:10	13:41:40	12.4	5.1	60.6	4532	5498	1.21	65	2476	159.8	8.3	108	39	178
16:04	15:11	13:41:41	12.2	5.1	61.4	4593	5559	1.21	66	2459	162.1	7.0	109	38	179
16:05	15:12	13:41:42	12.2	5.1	62.3	4661	5651	1.21	65	2518	164.2	5.8	109	38	179
16:06	15:13	13:41:43	12.2	5.1	60.2	4503	5655	1.26	67	2525	168.4	3.4	109	38	179
16:07	15:14	13:41:44	12.2	5.1	59.0	4415	5532	1.25	65	2541	163.9	6.0	109	38	179
16:08	15:15	13:41:45	12.2	5.1	60.1	4500	5520	1.23	66	2523	166.4	4.6	110	38	179
16:09	15:16	13:41:46	12.2	5.3	61.9	4630	5623	1.21	64	2581	164.7	5.5	109	38	179
16:10	15:17	13:41:47	12.2	5.3	52.6	3940	5629	1.43	68	2462	167.9	3.7	110	38	179
16:11	15:18	13:41:48	12.4	5.3	58.5	4376	5471	1.25	64	2589	165.2	5.2	109	38	179
16:12	15:19	13:41:49	12.2	5.3	59.7	4465	5688	1.27	65	2549	166.3	4.6	109	39	179
16:12	15:19	13:41:49	12.5	5.3	61.6	4611	5727	1.24	65	2564	167.2	4.1	109	38	180
16:13	15:20	13:41:50	12.5	5.3	61.5	4604	5710	1.24	67	2511	167.4	4.0	110	38	180
16:14	15:21	13:41:51	12.6	5.3	59.1	4420	5533	1.25	65	2530	165.0	5.4	110	38	180
16:15	15:22	13:41:52	12.2	5.3	57.6	4312	5506	1.28	67	2460	164.0	5.9	109	38	180
16:16	15:23	13:41:53	12.2	5.3	62.8	4698	5781	1.23	63	2641	166.8	4.3	109	39	180
16:17	15:24	13:41:54	12.2	5.4	59.9	4482	5550	1.24	67	2447	163.1	6.4	109	38	180
16:18	15:25	13:41:55	12.2	5.4	58.6	4387	5505	1.26	65	2487	160.5	8.0	110	38	180
16:19	15:26	13:41:56	12.2	5.4	61.0	4568	5687	1.24	67	2479	167.1	4.1	109	39	180
16:20	15:27	13:41:57	12.2	5.4	60.3	4510	5720	1.27	65	2590	167.1	4.1	109	39	180
16:21	15:28	13:41:58	12.2	5.4	59.3	4441	5582	1.26	66	2479	163.4	6.2	109	38	180
16:22	15:29	13:41:59	12.2	5.4	60.9	4558	5520	1.21	65	2471	159.4	8.6	109	39	180
16:23	15:30	13:42:00	12.2	5.5	58.7	4390	5529	1.26	67	2432	162.1	7.0	110	38	180
16:23	15:30	13:42:00	12.4	5.8	62.1	4648	5585	1.20	64	2563	163.6	6.1	109	39	180
16:24	15:31	13:42:01	12.4	5.8	55.4	4147	5630	1.36	67	2460	164.0	5.9	109	39	180
16:25	15:32	13:42:02	12.4	5.8	63.1	4724	5782	1.22	63	2616	163.5	6.2	108	40	180
16:26	15:33	13:42:03	12.5	5.8	59.3	4440	5677	1.28	67	2460	164.0	5.9	109	38	180
16:27	15:34	13:42:04	12.2	5.8	60.8	4548	5812	1.28	65	2595	167.4	3.9	109	39	180
16:28	15:35	13:42:05	12.2	5.8	59.0	4416	5628	1.27	66	2509	165.4	5.1	109	39	180
16:29	15:36	13:42:06	12.2	5.8	60.2	4508	5693	1.26	65	2533	163.4	6.2	109	39	180
16:30	15:37	13:42:07	12.2	5.8	58.4	4368	5754	1.32	65	2520	164.3	5.7	109	39	180
16:31	15:38	13:42:08	12.2	5.8	60.6	4533	5804	1.28	66	2519	166.1	4.7	109	39	180
16:32	15:39	13:42:09	12.2	5.8	55.0	4118	5320	1.29	70	2260	157.6	9.6	111	38	180
16:33	15:40	13:42:10	12.2	5.8	66.2	4952	5986	1.21	63	2693	168.3	3.5	108	40	180
16:34	15:41	13:42:11	12.5	5.8	60.0	4489	5664	1.26	66	2444	161.2	7.5	109	39	180
16:35	15:42	13:42:12	12.4	5.8	36.3	2713	5768	2.13	64	2573	164.2	5.8	109	39	180
16:35	15:42	13:42:12	12.2	5.8	58.3	4363	5739	1.32	68	2430	165.7	4.9	109	39	180
16:36	15:43	13:42:13	12.2	5.8	36.0	2696	5805	2.15	65	2558	165.0	5.3	109	40	180
16:37	15:44	13:42:14	12.2	5.8	59.6	4462	5648	1.27	66	2453	161.7	7.2	109	39	180
16:38	15:45	13:42:15	12.4	6.3	57.6	4309	5576	1.29	64	2481	158.4	9.2	109	40	180
